a√±o,mes,hoteles zona 1,extrahoteleros zona 1,total zona 1,hoteles zona 2,extrahoteleros zona 2,total zona 2,hoteles zona 3,extrahoteleros zona 3,total zona 3,hoteles zona 4,extrahoteleros zona 4,total zona 4,hoteles total,extrahoteleros total,total
1978,1,38672,8278,46950,28882,20431,49313,536128,153423,689551,194095,294517,488612,797777,476649,1274426
1978,2,37232,7636,44868,26303,15767,42070,513566,137657,651223,162312,257664,419976,739413,418724,1158137
1978,3,42072,8189,50261,28200,20078,48278,509801,152530,662331,188868,261395,450263,768941,442192,1211133
1978,4,35009,8358,43367,19144,6584,25728,412872,96215,509087,135953,176184,312137,602978,287341,890319
1978,5,28341,8602,36943,10136,4307,14443,387780,89362,477142,117459,122202,239661,543716,224473,768189
1978,6,31647,8248,39895,8530,2580,11110,359355,116927,476282,111881,98022,209903,511413,225777,737190
1978,7,39677,8637,48314,13755,12795,26550,496170,173073,669243,117380,238808,356188,666982,433313,1100295
1978,8,42422,8614,51036,22241,21664,43905,560916,199512,760428,183112,266716,449828,808691,496506,1305197
1978,9,40231,8460,48691,9766,9458,19224,493389,184003,677392,122340,192883,315223,665726,394804,1060530
1978,10,36576,9238,45814,21064,9622,30686,496539,166672,663211,170212,211957,382169,724391,397489,1121880
1978,11,32906,9063,41969,27991,16065,44056,529306,183808,713114,183693,239219,422912,773896,448155,1222051
1978,12,38580,9233,47813,34569,20330,54899,503273,221231,724504,195707,284352,480059,772129,535146,1307275
1978,13,443365,102556,545921,250581,159681,410262,5799095,1874413,7673508,1883012,2643919,4526931,8376053,4780569,13156622
1979,1,39080,9580,48660,37382,28608,65990,577614,202993,780607,212859,296874,509733,866935,538055,1404990
1979,2,37211,8866,46077,35404,25721,61125,536906,190143,727049,144467,288707,433174,753988,513437,1267425
1979,3,34146,9869,44015,32159,24099,56258,564831,220539,785370,204251,256807,461058,835387,511314,1346701
1979,4,37820,9325,47145,23479,16272,39751,465529,185136,650665,160781,155774,316555,687609,366507,1054116
1979,5,29108,9585,38693,15596,7736,23332,338385,124568,462953,121288,76306,197594,504377,218195,722572
1979,6,36668,9220,45888,22132,6822,28954,324540,146855,471395,104939,98755,203694,488279,261652,749931
1979,7,32617,9485,42102,26933,15865,42798,426425,184559,610984,162298,137519,299817,648273,347428,995701
1979,8,31333,9713,41046,33346,23977,57323,514476,198473,712949,164382,196801,361183,743537,428964,1172501
1979,9,36119,9631,45750,28733,10683,39416,463031,195791,658822,145507,155417,300924,673390,371522,1044912
1979,10,38795,9711,48506,27326,15064,42390,443126,207441,650567,151455,146178,297633,660702,378394,1039096
1979,11,31167,9243,40410,25348,19818,45166,388187,174433,562620,161281,216685,377966,605983,420179,1026162
1979,12,30140,9734,39874,27354,20719,48073,379304,186580,565884,154118,243333,397451,590916,460366,1051282
1979,13,414204,113962,528166,335192,215384,550576,5422354,2217511,7639865,1887626,2269156,4156782,8059376,4816013,12875389
1980,1,30440,9728,40168,25488,23700,49188,369705,230494,600199,194033,229393,423426,619666,493315,1112981
1980,2,29175,9148,38323,26012,20013,46025,443820,184145,627965,201500,276798,478298,700507,490104,1190611
1980,3,35248,9601,44849,23919,21207,45126,433167,179726,612893,201028,328038,529066,693362,538572,1231934
1980,4,36187,9169,45356,20746,16500,37246,343535,175157,518692,130008,279701,409709,530476,480527,1011003
1980,5,36586,9336,45922,15152,6206,21358,308478,74862,383340,94067,102211,196278,454283,192615,646898
1980,6,33540,8768,42308,18073,5262,23335,271737,83512,355249,80765,112899,193664,404115,210441,614556
1980,7,38224,8740,46964,25558,14200,39758,357644,166533,524177,115911,194859,310770,537337,384332,921669
1980,8,38757,8748,47505,40312,26577,66889,456869,175046,631915,191527,237893,429420,727465,448264,1175729
1980,9,37449,8374,45823,27791,15357,43148,402915,134808,537723,152824,142480,295304,620979,301019,921998
1980,10,33412,8543,41955,16162,8943,25105,358115,115502,473617,167176,128695,295871,574865,261683,836548
1980,11,31317,8191,39508,14202,16878,31080,345170,136191,481361,155453,232029,387482,546142,393289,939431
1980,12,26576,8825,35401,22836,21783,44619,384108,227582,611690,194643,242553,437196,628163,500743,1128906
1980,13,406911,107171,514082,276251,196626,472877,4475263,1883558,6358821,1878935,2507549,4386484,7037360,4694904,11732264
1981,1,29806,8700,38506,19497,25715,45212,422726,198753,621479,308365,291035,599400,780394,524203,1304597
1981,2,32945,8089,41034,16570,24687,41257,402080,221981,624061,268199,263484,531683,719794,518241,1238035
1981,3,41090,8925,50015,17681,23330,41011,405621,202212,607833,267395,251109,518504,731787,485576,1217363
1981,4,35079,8707,43786,15874,16170,32044,337932,176072,514004,233441,220846,454287,622326,421795,1044121
1981,5,31237,9067,40304,14209,11901,26110,323821,119333,443154,170967,96352,267319,540234,236653,776887
1981,6,26990,9071,36061,16558,6176,22734,331950,135114,467064,172020,100461,272481,547518,250822,798340
1981,7,34501,9605,44106,20609,16529,37138,394457,191388,585845,244079,194469,438548,693646,411991,1105637
1981,8,26842,9703,36545,35569,29891,65460,506045,250996,757041,330623,267042,597665,899079,557632,1456711
1981,9,37626,9328,46954,22832,12939,35771,427260,223903,651163,251635,181817,433452,739353,427987,1167340
1981,10,41203,9515,50718,16479,20184,36663,449483,192659,642142,292774,151501,444275,799939,373859,1173798
1981,11,39207,9543,48750,18754,22411,41165,466916,224162,691078,295460,219980,515440,820337,476096,1296433
1981,12,38277,9688,47965,27732,20727,48459,467736,245145,712881,306187,247994,554181,839932,523554,1363486
1981,13,414803,109941,524744,242364,230660,473024,4936027,2381718,7317745,3141145,2486090,5627235,8734339,5208409,13942748
1982,1,34675,8988,43663,25639,16822,42461,548711,199586,748297,314820,304472,619292,923845,529868,1453713
1982,2,30577,8274,38851,22601,16510,39111,513110,198524,711634,335081,253869,588950,901369,477177,1378546
1982,3,36507,8905,45412,29115,14213,43328,572240,213137,785377,297071,279643,576714,934933,515898,1450831
1982,4,31788,8656,40444,17676,13162,30838,468960,168103,637063,281925,256272,538197,800349,446193,1246542
1982,5,26420,8874,35294,9589,9092,18681,425491,105550,531041,237117,161387,398504,698617,284903,983520
1982,6,26809,8656,35465,5582,3896,9478,393593,95141,488734,199711,180254,379965,625695,287947,913642
1982,7,30031,9218,39249,8723,8048,16771,452522,157945,610467,260797,265357,526154,752073,440568,1192641
1982,8,26824,9269,36093,18910,12879,31789,559431,208372,767803,316222,281844,598066,921387,512364,1433751
1982,9,28556,8647,37203,7681,9183,16864,489512,158321,647833,262655,181421,444076,788404,357572,1145976
1982,10,35313,8758,44071,5660,9405,15065,490476,154026,644502,285685,207580,493265,817134,379769,1196903
1982,11,30425,8477,38902,12974,13808,26782,480611,191339,671950,328551,251507,580058,852561,465131,1317692
1982,12,38922,9099,48021,18954,14681,33635,484814,193435,678249,355081,275368,630449,897771,492583,1390354
1982,13,376847,105821,482668,183104,141699,324803,5879471,2043479,7922950,3474716,2898974,6373690,9914138,5189973,15104111
1983,1,40999,9138,50137,27845,17672,45517,565198,207992,773190,430926,347323,778249,1064968,582125,1647093
1983,2,38900,8286,47186,22697,19059,41756,519918,197095,717013,375673,306863,682536,957188,531303,1488491
1983,3,40468,9228,49696,21167,14227,35394,556210,195296,751506,397793,345076,742869,1015638,563827,1579465
1983,4,34291,8727,43018,12615,11548,24163,457974,147941,605915,289102,259853,548955,793982,428069,1222051
1983,5,29422,9006,38428,8660,8218,16878,418063,98615,516678,267653,170197,437850,723798,286036,1009834
1983,6,30403,8582,38985,4149,4624,8773,412387,106786,519173,268660,149741,418401,715599,269733,985332
1983,7,23680,9045,32725,11198,7764,18962,478542,157543,636085,303766,307270,611036,817186,481622,1298808
1983,8,28033,9050,37083,18939,12672,31611,572439,198717,771156,346375,341181,687556,965786,561620,1527406
1983,9,32188,8922,41110,7807,8599,16406,496563,167302,663865,259493,261285,520778,796051,446108,1242159
1983,10,34642,8219,42861,7440,9175,16615,506017,141134,647151,342425,269863,612288,890524,428391,1318915
1983,11,29008,7834,36842,15259,12008,27267,512642,184205,696847,371672,304491,676163,928581,508538,1437119
1983,12,35285,8032,43317,22489,12279,34768,508769,184290,693059,353461,324127,677588,920004,528728,1448732
1983,13,397319,104069,501388,180265,137845,318110,6004722,1986916,7991638,4006999,3387270,7394269,10589305,5616100,16205405
1984,1,36857,8753,45610,24566,14711,39277,575142,188253,763395,410639,394825,805464,1047204,606542,1653746
1984,2,41897,8669,50566,24330,17810,42140,556783,181080,737863,384967,363256,748223,1007977,570815,1578792
1984,3,38220,9159,47379,19925,14762,34687,572425,186742,759167,400593,328131,728724,1031163,538794,1569957
1984,4,30755,8852,39607,15179,13239,28418,505512,153132,658644,346621,345239,691860,898067,520462,1418529
1984,5,29017,8767,37784,12844,10013,22857,524460,97553,622013,315078,204405,519483,881399,320738,1202137
1984,6,30456,8233,38689,10814,4962,15776,474854,103412,578266,286940,207840,494780,803064,324447,1127511
1984,7,30169,8938,39107,11991,8036,20027,533148,146822,679970,332668,288336,621004,907976,452132,1360108
1984,8,27126,9264,36390,13777,14860,28637,612081,193011,805092,427417,319539,746956,1080401,536674,1617075
1984,9,27025,8696,35721,12878,10465,23343,572686,162179,734865,328654,268174,596828,941243,449514,1390757
1984,10,32925,8719,41644,18695,8994,27689,588769,173029,761798,348878,282658,631536,989267,473400,1462667
1984,11,32640,8272,40912,20492,15077,35569,567921,179818,747739,313568,331857,645425,934621,535024,1469645
1984,12,32866,8722,41588,24744,14384,39128,555549,188380,743929,343727,325822,669549,956886,537308,1494194
1984,13,389953,105044,494997,210235,147313,357548,6639330,1953411,8592741,4239750,3660082,7899832,11479268,5865850,17345118
1985,1,31785,6123,37908,25456,15744,41200,582358,210156,792514,479336,360846,840182,1118935,592869,1711804
1985,2,31912,5453,37365,23086,15777,38863,554725,194829,749554,450961,337904,788865,1060684,553963,1614647
1985,3,34651,5871,40522,21880,17266,39146,581143,206615,787758,504284,368713,872997,1141958,598465,1740423
1985,4,25603,5880,31483,10969,14705,25674,506163,161112,667275,454149,277322,731471,996884,459019,1455903
1985,5,24824,6061,30885,14865,11332,26197,483388,116124,599512,389391,230589,619980,912468,364106,1276574
1985,6,28169,5291,33460,7482,4372,11854,425124,130798,555922,289069,201760,490829,749844,342221,1092065
1985,7,21891,5797,27688,8086,8473,16559,471741,167588,639329,340065,334455,674520,841783,516313,1358096
1985,8,22568,6014,28582,10967,19296,30263,547594,193456,741050,458727,395399,854126,1039856,614165,1654021
1985,9,23790,6001,29791,13271,7279,20550,512095,165739,677834,409877,344465,754342,959033,523484,1482517
1985,10,28057,6124,34181,11334,8919,20253,522194,169741,691935,466728,369982,836710,1028313,554766,1583079
1985,11,24968,6124,31092,14127,13775,27902,513212,181571,694783,467389,375093,842482,1019696,576563,1596259
1985,12,21073,6000,27073,16891,14664,31555,503117,200488,703605,481375,490530,971905,1022456,711682,1734138
1985,13,319291,70739,390030,178414,151602,330016,6202854,2098217,8301071,5191351,4087058,9278409,11891910,6407616,18299526
1986,1,21079,5828,26907,24490,14038,38528,582776,240591,823367,506027,453960,959987,1134372,714417,1848789
1986,2,26957,5381,32338,23119,15349,38468,532299,219518,751817,497548,430350,927898,1079923,670598,1750521
1986,3,27760,6141,33901,13580,14812,28392,549657,233676,783333,501176,524934,1026110,1092173,779563,1871736
1986,4,21465,5775,27240,10947,8676,19623,480556,189774,670330,411354,357228,768582,924322,561453,1485775
1986,5,26567,5646,32213,7770,6894,14664,506401,146609,653010,430830,307603,738433,971568,466752,1438320
1986,6,17439,5709,23148,9767,5318,15085,470213,135099,605312,403201,339628,742829,900620,485754,1386374
1986,7,17684,6180,23864,7949,10626,18575,474467,189795,664262,499543,478759,978302,999643,685360,1685003
1986,8,16524,5730,22254,15471,19910,35381,580743,237090,817833,567439,504685,1072124,1180177,767415,1947592
1986,9,20738,5751,26489,15116,12836,27952,547515,205256,752771,485263,424275,909538,1068632,648118,1716750
1986,10,24804,5841,30645,15653,15634,31287,540338,203328,743666,519483,424160,943643,1100278,648963,1749241
1986,11,23574,5765,29339,20539,17680,38219,515379,210403,725782,486797,449241,936038,1046289,683089,1729378
1986,12,23762,5718,29480,24245,18974,43219,512310,231405,743715,464784,499333,964117,1025101,755430,1780531
1986,13,268353,69465,337818,188646,160747,349393,6292654,2442544,8735198,5773445,5194156,10967601,12523098,7866912,20390010
1987,1,22323,3682,26005,9601,17448,27049,537764,253494,791258,588771,685917,1274688,1158459,960541,2119000
1987,2,26417,2997,29414,8309,17007,25316,519559,230709,750268,585845,620823,1206668,1140130,871536,2011666
1987,3,32538,3318,35856,9174,18564,27738,545391,251224,796615,569800,601395,1171195,1156903,874501,2031404
1987,4,27275,3156,30431,8668,13576,22244,445544,190350,635894,535799,534241,1070040,1017286,741323,1758609
1987,5,28256,3000,31256,11563,7860,19423,484577,163957,648534,499576,406393,905969,1023972,581210,1605182
1987,6,20379,3043,23422,10767,6095,16862,471370,167306,638676,471194,508830,980024,973710,685274,1658984
1987,7,23098,5419,28517,4983,21598,26581,445953,199509,645462,634736,765410,1400146,1108770,991936,2100706
1987,8,16983,5135,22118,7636,31793,39429,570446,240761,811207,717654,746756,1464410,1312719,1024445,2337164
1987,9,19651,0,19651,6875,21236,28111,530248,202693,732941,562564,575684,1138248,1119338,799613,1918951
1987,10,24701,3043,27744,7796,18937,26733,527608,219914,747522,575211,628945,1204156,1135316,870839,2006155
1987,11,22155,3043,25198,9095,25516,34611,503735,219944,723679,594358,638721,1233079,1129343,887224,2016567
1987,12,25493,3043,28536,19667,20780,40447,516543,241106,757649,623320,789863,1413183,1185023,1054792,2239815
1987,13,289269,38879,328148,114134,220410,334544,6098738,2580967,8679705,6958828,7502978,14461806,13460969,10343234,23804203
1988,1,26541,0,26541,22218,24801,47019,529755,297020,826775,741623,942581,1684204,1320137,1264402,2584539
1988,2,22077,0,22077,24671,38722,63393,510814,281673,792487,723716,926677,1650393,1281278,1247072,2528350
1988,3,24008,0,24008,21119,29267,50386,509919,302476,812395,686889,899715,1586604,1241935,1231458,2473393
1988,4,15966,0,15966,12304,17668,29972,420703,219819,640522,549061,655306,1204367,998034,892793,1890827
1988,5,20292,0,20292,10544,14198,24742,454886,220924,675810,523815,539648,1063463,1009537,774770,1784307
1988,6,15253,0,15253,7983,4696,12679,433460,225221,658681,548280,570008,1118288,1004976,799925,1804901
1988,7,19286,0,19286,9633,17335,26968,437460,242264,679724,677264,892786,1570050,1143643,1152385,2296028
1988,8,21572,0,21572,11343,35498,46841,532570,286553,819123,807540,998303,1805843,1373025,1320354,2693379
1988,9,23618,0,23618,13035,18187,31222,480059,238227,718286,688288,795201,1483489,1205000,1051615,2256615
1988,10,25785,0,25785,16762,25164,41926,470040,275342,745382,684448,736462,1420910,1197035,1036968,2234003
1988,11,24625,0,24625,15975,25944,41919,439006,277583,716589,641559,778436,1419995,1121165,1081963,2203128
1988,12,28632,0,28632,18856,20931,39787,415491,284988,700479,609183,810688,1419871,1072162,1116607,2188769
1988,13,267655,0,267655,184443,272411,456854,5634163,3152090,8786253,7881666,9545811,17427477,13967927,12970312,26938239
1989,1,32487,0,32487,20423,27055,47478,451168,286454,737622,778196,945494,1723690,1282274,1259003,2541277
1989,2,30888,0,30888,21003,29561,50564,446625,265207,711832,732232,830569,1562801,1230748,1125337,2356085
1989,3,35038,0,35038,12918,31345,44263,452326,274548,726874,701784,914702,1616486,1202066,1220595,2422661
1989,4,26584,0,26584,15904,27323,43227,391377,201417,592794,566171,684448,1250619,1000036,913188,1913224
1989,5,25172,0,25172,10785,16970,27755,393247,173548,566795,541607,656939,1198546,970811,847457,1818268
1989,6,28782,0,28782,8278,10670,18948,330622,159628,490250,547129,703099,1250228,914811,873397,1788208
1989,7,33094,0,33094,10874,28751,39625,374241,250538,624779,744373,1111555,1855928,1162582,1390844,2553426
1989,8,19767,0,19767,15229,39395,54624,491379,296681,788060,833193,1094000,1927193,1359568,1430076,2789644
1989,9,27337,0,27337,13669,26054,39723,447466,236271,683737,662030,870811,1532841,1150502,1133136,2283638
1989,10,30396,0,30396,15396,21677,37073,436767,249464,686231,626354,656994,1283348,1108913,928135,2037048
1989,11,31060,0,31060,13562,24577,38139,414433,218648,633081,550418,631267,1181685,1009473,874492,1883965
1989,12,29773,0,29773,15477,26056,41533,396411,211231,607642,559884,759588,1319472,1001545,996875,1998420
1989,13,350378,0,350378,173518,309434,482952,5026062,2823635,7849697,7843371,9859466,17702837,13393329,12992535,26385864
1990,1,22968,0,22968,12993,23080,36073,378599,230626,609225,714350,850201,1564551,1128910,1103907,2232817
1990,2,23741,0,23741,12935,24709,37644,386811,226238,613049,659282,776770,1436052,1082769,1027717,2110486
1990,3,30110,0,30110,17597,23199,40796,407733,243022,650755,720053,875041,1595094,1175493,1141262,2316755
1990,4,24189,0,24189,13590,17428,31018,356047,195792,551839,640542,749420,1389962,1034368,962640,1997008
1990,5,22769,0,22769,17806,14734,32540,371021,145138,516159,560391,513798,1074189,971987,673670,1645657
1990,6,20738,0,20738,12408,9225,21633,344343,155875,500218,581544,641325,1222869,959033,806425,1765458
1990,7,28900,0,28900,5872,15009,20881,363135,234565,597700,809128,1007087,1816215,1207035,1256661,2463696
1990,8,17855,0,17855,17699,19330,37029,498211,279159,777370,955601,1156605,2112206,1489366,1455094,2944460
1990,9,22643,0,22643,6355,15436,21791,451471,217009,668480,738516,857749,1596265,1218985,1090194,2309179
1990,10,30069,0,30069,13049,18853,31902,469529,202417,671946,719146,736154,1455300,1231793,957424,2189217
1990,11,30217,0,30217,15792,22828,38620,404386,208445,612831,672868,841051,1513919,1123263,1072324,2195587
1990,12,22576,0,22576,17247,21254,38501,374300,237127,611427,685623,919101,1604724,1099746,1177482,2277228
1990,13,296775,0,296775,163343,225085,388428,4805586,2575413,7380999,8457044,9924302,18381346,13722748,12724800,26447548
1991,1,18887,0,18887,16159,20853,37012,343090,233643,576733,777652,939936,1717588,1155788,1194432,2350220
1991,2,26640,0,26640,14770,20812,35582,351014,225297,576311,709363,910403,1619766,1101787,1156512,2258299
1991,3,27089,0,27089,15117,20400,35517,345996,240145,586141,767134,931738,1698872,1155336,1192283,2347619
1991,4,21378,0,21378,17636,8346,25982,342983,175585,518568,668225,756352,1424577,1050222,940283,1990505
1991,5,24711,0,24711,21965,11346,33311,356180,136986,493166,697301,675218,1372519,1100157,823550,1923707
1991,6,23197,0,23197,17952,7643,25595,346265,190393,536658,679351,772439,1451790,1066765,970475,2037240
1991,7,21902,0,21902,13831,17509,31340,376830,254770,631600,966283,1313372,2279655,1378846,1585651,2964497
1991,8,22481,0,22481,22304,23611,45915,469333,303388,772721,1021600,1384427,2406027,1535718,1711426,3247144
1991,9,26874,0,26874,18674,17356,36030,445888,238613,684501,884332,1170119,2054451,1375768,1426088,2801856
1991,10,30125,0,30125,15033,20383,35416,440323,230031,670354,929719,1030262,1959981,1415200,1280676,2695876
1991,11,34411,0,34411,15517,23505,39022,414775,236964,651739,893336,1052176,1945512,1358039,1312645,2670684
1991,12,27109,0,27109,15634,22680,38314,391627,246258,637885,879541,1118963,1998504,1313911,1387901,2701812
1991,13,304804,0,304804,204592,214444,419036,4624304,2712073,7336377,9873837,12055405,21929242,15007537,14981922,29989459
1992,1,24433,0,24433,7984,23437,31421,393849,242739,636588,998816,1201670,2200486,1425082,1467846,2892928
1992,2,26710,0,26710,10514,25046,35560,379679,232315,611994,878551,1161100,2039651,1295454,1418461,2713915
1992,3,27507,0,27507,10157,24185,34342,409550,238498,648048,879003,1173431,2052434,1326217,1436114,2762331
1992,4,25797,0,25797,6091,19499,25590,342780,228167,570947,883237,1171395,2054632,1257905,1419061,2676966
1992,5,29404,0,29404,7579,14324,21903,352686,146985,499671,739790,867415,1607205,1129459,1028724,2158183
1992,6,25157,0,25157,6813,7726,14539,327851,193135,520986,754946,948855,1703801,1114767,1149716,2264483
1992,7,26320,0,26320,6863,17004,23867,368651,223385,592036,1004904,1319733,2324637,1406738,1560122,2966860
1992,8,19124,0,19124,7833,28252,36085,484338,295676,780014,1035308,1578092,2613400,1546603,1902020,3448623
1992,9,22717,0,22717,7819,17655,25474,424733,208249,632982,865778,1230197,2095975,1321047,1456101,2777148
1992,10,29089,0,29089,7703,20729,28432,404461,200686,605147,916185,1099996,2016181,1357438,1321411,2678849
1992,11,26550,0,26550,7166,20531,27697,370846,201542,572388,802983,966758,1769741,1207545,1188831,2396376
1992,12,23622,0,23622,7483,20427,27910,354174,213383,567557,843438,1078230,1921668,1228717,1312040,2540757
1992,13,306430,0,306430,94005,238815,332820,4613598,2624760,7238358,10602939,13796872,24399811,15616972,16660447,32277419
1993,1,24018,0,24018,8130,23954,32084,381837,233434,615271,1019569,1178521,2198090,1433554,1435909,2869463
1993,2,30247,0,30247,8324,23400,31724,399951,242610,642561,952861,1164248,2117109,1391383,1430258,2821641
1993,3,29426,0,29426,7784,24376,32160,407721,253084,660805,1010007,1136771,2146778,1454938,1414231,2869169
1993,4,25009,0,25009,6428,19549,25977,354847,195836,550683,940691,1195623,2136314,1326975,1411008,2737983
1993,5,23449,0,23449,5677,14483,20160,363141,170201,533342,844793,972192,1816985,1237060,1156876,2393936
1993,6,22461,0,22461,4819,8438,13257,331468,195389,526857,853745,1016684,1870429,1212493,1220511,2433004
1993,7,20344,0,20344,4925,15983,20908,397081,228203,625284,1092217,1410980,2503197,1514567,1655166,3169733
1993,8,18191,0,18191,6053,26152,32205,529097,289433,818530,1157161,1563168,2720329,1710502,1878753,3589255
1993,9,25612,0,25612,6256,16498,22754,460041,223365,683406,991961,1274192,2266153,1483870,1514055,2997925
1993,10,26869,0,26869,5589,20460,26049,430491,203059,633550,991720,1322813,2314533,1454669,1546332,3001001
1993,11,34674,0,34674,7670,25385,33055,439406,236940,676346,974054,1194272,2168326,1455804,1456597,2912401
1993,12,27899,0,27899,7572,20425,27997,396105,233472,629577,892430,1215383,2107813,1324006,1469280,2793286
1993,13,308199,0,308199,79227,239103,318330,4891186,2705026,7596212,11721209,14644847,26366056,16999821,17588976,34588797
1994,1,25815,0,25815,8794,23529,32323,468525,246976,715501,1004920,1527904,2532824,1508054,1798409,3306463
1994,2,30183,0,30183,10384,27025,37409,440414,252892,693306,918573,1469578,2388151,1399554,1749495,3149049
1994,3,32739,0,32739,9504,26674,36178,466073,295837,761910,1003237,1548956,2552193,1511553,1871467,3383020
1994,4,26459,0,26459,7309,24904,32213,415584,234796,650380,971377,1328397,2299774,1420729,1588097,3008826
1994,5,31906,0,31906,5988,14665,20653,367165,214850,582015,919746,1200047,2119793,1324805,1429562,2754367
1994,6,30971,0,30971,5685,10585,16270,390959,274774,665733,939807,1260143,2199950,1367422,1545502,2912924
1994,7,25673,0,25673,5140,12660,17800,421907,264604,686511,1086350,1684868,2771218,1539070,1962132,3501202
1994,8,20999,0,20999,7168,22560,29728,480272,292512,772784,1125038,1776115,2901153,1633477,2091187,3724664
1994,9,23622,0,23622,6921,19404,26325,461662,261731,723393,988199,1471790,2459989,1480404,1752925,3233329
1994,10,28066,0,28066,7584,22469,30053,427344,232511,659855,971891,1433772,2405663,1434885,1688752,3123637
1994,11,33159,0,33159,9869,23040,32909,414360,232814,647174,980601,1363104,2343705,1437989,1618958,3056947
1994,12,27357,0,27357,8996,21338,30334,361203,235225,596428,903172,1327544,2230716,1300728,1584107,2884835
1994,13,336949,0,336949,93342,248853,342195,5115468,3039522,8154990,11812911,17392218,29205129,17358670,20680593,38039263
1995,1,29520,0,29520,10014,28044,38058,406755,272460,679215,1066044,1543199,2609243,1512333,1843703,3356036
1995,2,33366,0,33366,10486,29777,40263,422742,269469,692211,977084,1475654,2452738,1443678,1774900,3218578
1995,3,30941,0,30941,9660,30803,40463,497461,291653,789114,1045449,1593969,2639418,1583511,1916425,3499936
1995,4,32459,0,32459,8654,25237,33891,416264,256073,672337,978899,1530164,2509063,1436276,1811474,3247750
1995,5,30192,0,30192,5977,23005,28982,405569,190504,596073,874837,1283251,2158088,1316575,1496760,2813335
1995,6,26139,0,26139,5297,17479,22776,390724,231963,622687,837488,1282136,2119624,1259648,1531578,2791226
1995,7,24021,0,24021,5143,19496,24639,420929,248755,669684,1005414,1633856,2639270,1455507,1902107,3357614
1995,8,20699,0,20699,6891,30439,37330,481641,306024,787665,1073047,1581079,2654126,1582278,1917542,3499820
1995,9,24784,0,24784,7009,25989,32998,429811,249166,678977,936373,1425967,2362340,1397977,1701122,3099099
1995,10,25634,0,25634,6661,28468,35129,446580,231236,677816,998090,1446596,2444686,1476965,1706300,3183265
1995,11,30703,0,30703,7803,27366,35169,457109,265819,722928,926739,1341358,2268097,1422354,1634543,3056897
1995,12,30294,0,30294,9312,24952,34264,423010,263082,686092,912374,1400811,2313185,1374990,1688845,3063835
1995,13,338752,0,338752,92907,311055,403962,5198595,3076204,8274799,11631838,17538040,29169878,17262092,20925299,38187391
1996,1,28962,0,28962,10098,26237,36335,458519,288432,746951,1050478,1575742,2626220,1548057,1890411,3438468
1996,2,33629,0,33629,10551,29359,39910,464395,285730,750125,1007641,1533268,2540909,1516216,1848357,3364573
1996,3,28871,0,28871,8872,29658,38530,472121,286780,758901,1004278,1589195,2593473,1514142,1905633,3419775
1996,4,23592,0,23592,7389,23661,31050,403950,232764,636714,956735,1350866,2307601,1391666,1607291,2998957
1996,5,26543,0,26543,4553,20578,25131,389456,168263,557719,817152,1092685,1909837,1237704,1281526,2519230
1996,6,25325,0,25325,4295,9539,13834,338913,188782,527695,820495,1095739,1916234,1189028,1294060,2483088
1996,7,26212,0,26212,6970,19872,26842,369897,217022,586919,930197,1516632,2446829,1333276,1753526,3086802
1996,8,17956,0,17956,5167,25963,31130,441529,274666,716195,1014155,1616241,2630396,1478807,1916870,3395677
1996,9,23706,0,23706,5625,19125,24750,404352,221601,625953,905213,1293837,2199050,1338896,1534563,2873459
1996,10,28745,0,28745,6618,25567,32185,436325,225906,662231,1011606,1401496,2413102,1483294,1652969,3136263
1996,11,32876,0,32876,7780,27721,35501,433247,281494,714741,981205,1410878,2392083,1455108,1720093,3175201
1996,12,32218,0,32218,8373,25319,33692,418206,264383,682589,942067,1496663,2438730,1400864,1786365,3187229
1996,13,328638,0,328638,86291,282599,368890,5030910,2935823,7966733,11441148,16973242,28414390,16886987,20191664,37078651
1997,1,34462,0,34462,8515,24143,32658,442684,289905,732589,1103236,1648289,2751525,1588897,1962337,3551234
1997,2,32416,0,32416,8711,26586,35297,434598,278718,713316,1029509,1468209,2497718,1505234,1773513,3278747
1997,3,32621,0,32621,8341,28776,37117,457027,306667,763694,1093538,1605651,2699189,1591527,1941094,3532621
1997,4,34428,0,34428,7176,20861,28037,423972,234618,658590,1017621,1289854,2307475,1483197,1545333,3028530
1997,5,35484,0,35484,5203,16918,22121,371140,175181,546321,872605,1162234,2034839,1284432,1354333,2638765
1997,6,26878,0,26878,4546,11360,15906,319440,202870,522310,857244,1096763,1954007,1208108,1310993,2519101
1997,7,27370,0,27370,7199,18845,26044,357866,223815,581681,1041335,1589008,2630343,1433770,1831668,3265438
1997,8,26126,0,26126,5454,27844,33298,485569,311879,797448,1202441,1706975,2909416,1719590,2046698,3766288
1997,9,26502,0,26502,5428,21506,26934,432377,248691,681068,1015096,1313262,2328358,1479403,1583459,3062862
1997,10,32822,0,32822,6759,25992,32751,431012,247877,678889,1029423,1423062,2452485,1500016,1696931,3196947
1997,11,36594,0,36594,8088,32030,40118,459257,293229,752486,1026889,1457739,2484628,1530828,1782998,3313826
1997,12,37483,0,37483,8477,26275,34752,441105,288820,729925,1053026,1506615,2559641,1540091,1821710,3361801
1997,13,383186,0,383186,83897,281136,365033,5056047,3102270,8158317,12341963,17267661,29609624,17865093,20651067,38516160
1998,1,36200,0,36200,10438,27106,37544,463885,304237,768122,1112658,1623276,2735934,1623181,1954619,3577800
1998,2,37055,0,37055,10172,30429,40601,454268,285937,740205,1059562,1506943,2566505,1561057,1823309,3384366
1998,3,33673,0,33673,9658,29239,38897,476304,310552,786856,1102561,1637910,2740471,1622196,1977701,3599897
1998,4,33351,0,33351,8345,21612,29957,406254,249146,655400,1047136,1434823,2481959,1495086,1705581,3200667
1998,5,28939,0,28939,5685,15845,21530,391708,170469,562177,960033,1158329,2118362,1386365,1344643,2731008
1998,6,28722,0,28722,6343,7337,13680,362795,197083,559878,943021,1216220,2159241,1340881,1420640,2761521
1998,7,23914,0,23914,6850,15219,22069,358787,228612,587399,1096202,1602140,2698342,1485753,1845971,3331724
1998,8,20699,0,20699,7707,28604,36311,498110,317070,815180,1225819,1803636,3029455,1752335,2149310,3901645
1998,9,23896,0,23896,6385,25762,32147,440907,246842,687749,1028274,1370387,2398661,1499462,1642991,3142453
1998,10,32857,0,32857,8429,25937,34366,443876,260939,704815,1088294,1464469,2552763,1573456,1751345,3324801
1998,11,38447,0,38447,9990,32029,42019,487694,305442,793136,1106098,1461501,2567599,1642229,1798972,3441201
1998,12,37227,0,37227,10394,30295,40689,454692,301825,756517,1050581,1529267,2579848,1552894,1861387,3414281
1998,13,374980,0,374980,100396,289414,389810,5239280,3178154,8417434,12820239,17808901,30629140,18534895,21276469,39811364
1999,1,37717,0,37717,11115,29225,40340,455387,301119,756506,1155959,1583954,2739913,1660178,1914298,3574476
1999,2,36554,0,36554,10492,31774,42266,452934,290132,743066,1086318,1568260,2654578,1586298,1890166,3476464
1999,3,36032,0,36032,9395,30522,39917,482398,325208,807606,1142847,1592749,2735596,1670672,1948479,3619151
1999,4,29440,0,29440,8631,23126,31757,411629,239443,651072,1083057,1402891,2485948,1532757,1665460,3198217
1999,5,30666,0,30666,6246,18551,24797,364898,175172,540070,979023,1315079,2294102,1380833,1508802,2889635
1999,6,27496,0,27496,5965,12807,18772,364761,196316,561077,1040192,1336189,2376381,1438414,1545312,2983726
1999,7,29662,0,29662,7963,20283,28246,389113,279475,668588,1222393,1718130,2940523,1649131,2017888,3667019
1999,8,33912,0,33912,7520,30148,37668,520466,349272,869738,1351893,1893931,3245824,1913791,2273351,4187142
1999,9,31006,0,31006,6845,24743,31588,467607,279312,746919,1156637,1522714,2679351,1662095,1826769,3488864
1999,10,37629,0,37629,8482,30332,38814,467394,288407,755801,1217353,1542028,2759381,1730858,1860767,3591625
1999,11,40047,0,40047,9268,32845,42113,495146,321251,816397,1174732,1522038,2696770,1719193,1876134,3595327
1999,12,34110,0,34110,9223,25890,35113,379332,281495,660827,958924,1361055,2319979,1381589,1668440,3050029
1999,13,404271,0,404271,101145,310246,411391,5251065,3326602,8577667,13569328,18359018,31928346,19325809,21995866,41321675
2000,1,32590,0,32590,11128,24614,35742,388649,300202,688851,1043111,1463405,2506516,1475478,1788221,3263699
2000,2,32639,0,32639,9636,28539,38175,442320,308608,750928,1154666,1467521,2622187,1639261,1804668,3443929
2000,3,40857,0,40857,11195,30103,41298,491082,322102,813184,1175202,1555994,2731196,1718336,1908199,3626535
2000,4,35554,0,35554,7672,23482,31154,409577,272345,681922,1170053,1449286,2619339,1622856,1745113,3367969
2000,5,32365,0,32365,6570,18966,25536,394842,188950,583792,1004112,1223192,2227304,1437889,1431108,2868997
2000,6,29045,0,29045,6126,8022,14148,339987,198037,538024,1021013,1310105,2331118,1396171,1516164,2912335
2000,7,30695,0,30695,7128,17201,24329,405173,254056,659229,1272111,1661886,2933997,1715107,1933143,3648250
2000,8,26625,0,26625,8314,25991,34305,499684,323432,823116,1387570,1814023,3201593,1922193,2163446,4085639
2000,9,31297,0,31297,7305,22295,29600,457046,270915,727961,1154598,1497088,2651686,1650246,1790298,3440544
2000,10,33969,0,33969,10008,28518,38526,445884,253816,699700,1203200,1564784,2767984,1693061,1847118,3540179
2000,11,36056,0,36056,9825,35797,45622,448849,289016,737865,1190306,1504181,2694487,1685036,1828994,3514030
2000,12,29528,0,29528,10335,27301,37636,398563,283184,681747,1108246,1482911,2591157,1546672,1793396,3340068
2000,13,391220,0,391220,105242,290829,396071,5121656,3264663,8386319,13884188,17994376,31878564,19502306,21549868,41052174
2001,1,31276,0,31276,10537,31928,42465,409541,297356,706897,1165604,1581049,2746653,1616958,1910333,3527291
2001,2,36417,0,36417,6611,36206,42817,450034,300010,750044,1179787,1510791,2690578,1672849,1847007,3519856
2001,3,40503,0,40503,8131,30367,38498,483545,314300,797845,1269318,1648736,2918054,1801497,1993403,3794900
2001,4,37083,0,37083,6836,25239,32075,389914,239706,629620,1204343,1481301,2685644,1638176,1746246,3384422
2001,5,39857,0,39857,6531,24456,30987,388862,157267,546129,1149265,1345182,2494447,1584515,1526905,3111420
2001,6,35386,0,35386,6215,10115,16330,333265,178974,512239,1148072,1496285,2644357,1522938,1685374,3208312
2001,7,35774,0,35774,6063,15453,21516,396744,270919,667663,1358985,1837421,3196406,1797566,2123793,3921359
2001,8,33710,0,33710,6070,26303,32373,512467,339109,851576,1495515,1934686,3430201,2047762,2300098,4347860
2001,9,35724,0,35724,8424,27086,35510,450533,268413,718946,1235671,1529645,2765316,1730352,1825144,3555496
2001,10,44172,0,44172,8100,27654,35754,426173,251226,677399,1309382,1584810,2894192,1787827,1863690,3651517
2001,11,43108,0,43108,8535,32870,41405,407263,282192,689455,1274365,1490924,2765289,1733271,1805986,3539257
2001,12,39250,0,39250,7686,27225,34911,360968,260815,621783,1175726,1449331,2625057,1583630,1737371,3321001
2001,13,452260,0,452260,89739,314902,404641,5009309,3160287,8169596,14966033,18890161,33856194,20517341,22365350,42882691
2002,1,37493,0,37493,8557,28567,37124,380330,279571,659901,1280980,1652272,2933252,1707360,1960410,3667770
2002,2,39469,0,39469,9000,33023,42023,432971,292788,725759,1248846,1565923,2814769,1730286,1891734,3622020
2002,3,37722,0,37722,8299,39806,48105,459653,298509,758162,1343378,1781301,3124679,1849052,2119616,3968668
2002,4,31860,0,31860,8380,30250,38630,351871,219491,571362,1155409,1415234,2570643,1547520,1664975,3212495
2002,5,33012,0,33012,5340,22114,27454,321921,155548,477469,1054242,1199407,2253649,1414515,1377069,2791584
2002,6,33698,0,33698,4322,22160,26482,318885,189418,508303,1108830,1361980,2470810,1465735,1573558,3039293
2002,7,31501,0,31501,6030,22362,28392,449473,263926,713399,1275001,1691929,2966930,1762005,1978217,3740222
2002,8,35871,0,35871,5340,24296,29636,561280,346306,907586,1422292,1865890,3288182,2024783,2236492,4261275
2002,9,32595,0,32595,6364,24993,31357,478265,250903,729168,1216552,1497505,2714057,1733776,1773401,3507177
2002,10,37785,0,37785,7092,29140,36232,387987,222612,610599,1278569,1580107,2858676,1711433,1831859,3543292
2002,11,39172,0,39172,8205,33599,41804,440906,273772,714678,1201790,1516848,2718638,1690073,1824219,3514292
2002,12,37716,0,37716,8107,27942,36049,391569,272036,663605,1152480,1498288,2650768,1589872,1798266,3388138
2002,13,427894,0,427894,85036,338252,423288,4975111,3064880,8039991,14738369,18626684,33365053,20226410,22029816,42256226
2003,1,35729,0,35729,8663,30468,39131,424044,284231,708275,1279588,1460961,2740549,1748024,1775660,3523684
2003,2,37144,0,37144,8871,28112,36983,419374,260197,679571,1201190,1427553,2628743,1666579,1715862,3382441
2003,3,41260,0,41260,9496,30299,39795,442954,271952,714906,1268988,1500152,2769140,1762698,1802403,3565101
2003,4,34967,0,34967,8082,23781,31863,378998,214531,593529,1282308,1482399,2764707,1704355,1720711,3425066
2003,5,32788,0,32788,7143,26025,33168,350769,160276,511045,1151953,1399466,2551419,1542653,1585767,3128420
2003,6,30600,0,30600,6866,14827,21693,333368,191116,524484,1127065,1392341,2519406,1497899,1598284,3096183
2003,7,29954,0,29954,7845,15586,23431,485974,250262,736236,1369241,1712995,3082236,1893014,1978843,3871857
2003,8,25789,0,25789,8090,27896,35986,584051,337595,921646,1598974,1908873,3507847,2216904,2274364,4491268
2003,9,26611,0,26611,8381,23536,31917,473117,238999,712116,1198063,1432078,2630141,1706172,1694613,3400785
2003,10,34666,0,34666,10346,26910,37256,411291,241529,652820,1292751,1610674,2903425,1749054,1879113,3628167
2003,11,35278,0,35278,10026,33560,43586,392501,271365,663866,1159190,1456300,2615490,1596995,1761225,3358220
2003,12,28295,0,28295,10418,29404,39822,378243,269621,647864,1145726,1507690,2653416,1562682,1806715,3369397
2003,13,393081,0,393081,104227,310404,414631,5074684,2991674,8066358,15075037,18291482,33366519,20647029,21593560,42240589
2004,1,29656,0,29656,10748,30716,41464,408978,277169,686147,1361308,1536827,2898135,1810690,1844712,3655402
2004,2,35198,0,35198,9877,32681,42558,409900,279453,689353,1343208,1557440,2900648,1798183,1869574,3667757
2004,3,36104,0,36104,10241,32807,43048,417747,266531,684278,1271312,1582181,2853493,1735404,1881519,3616923
2004,4,27241,0,27241,9539,29164,38703,330049,202547,532596,1258303,1426285,2684588,1625132,1657996,3283128
2004,5,31380,0,31380,7813,25929,33742,324548,148178,472726,1119076,1115135,2234211,1482817,1289242,2772059
2004,6,28424,0,28424,6937,14749,21686,339198,159046,498244,1106163,1124591,2230754,1480722,1298386,2779108
2004,7,33598,0,33598,7591,14908,22499,446591,223680,670271,1438353,1513546,2951899,1926133,1752134,3678267
2004,8,27174,0,27174,8334,19601,27935,582268,320819,903087,1698969,1729561,3428530,2316745,2069981,4386726
2004,9,31101,0,31101,9781,21661,31442,468345,207301,675646,1285174,1322584,2607758,1794401,1551546,3345947
2004,10,32402,0,32402,10337,24844,35181,383673,220498,604171,1408746,1493902,2902648,1835158,1739244,3574402
2004,11,39592,0,39592,11419,32172,43591,364619,259938,624557,1317801,1485895,2803696,1733431,1778005,3511436
2004,12,36016,0,36016,10084,25126,35210,357715,264246,621961,1288864,1501675,2790539,1692679,1791047,3483726
2004,13,387886,0,387886,112701,304358,417059,4833631,2829406,7663037,15897277,17389622,33286899,21231495,20523386,41754881
2005,1,31959,0,31959,10097,29945,40042,408824,293670,702494,1457353,1593305,3050658,1908233,1916920,3825153
2005,2,36495,0,36495,11400,29433,40833,419786,272176,691962,1300662,1544270,2844932,1768343,1845879,3614222
2005,3,35529,0,35529,10334,30394,40728,391496,276453,667949,1348857,1618100,2966957,1786216,1924947,3711163
2005,4,36142,0,36142,9883,22212,32095,342701,201415,544116,1196793,1252294,2449087,1585519,1475921,3061440
2005,5,36739,0,36739,8532,19528,28060,327355,156007,483362,1134449,1063936,2198385,1507075,1239471,2746546
2005,6,32751,0,32751,6823,18252,25075,333851,177583,511434,1206346,1084931,2291277,1579771,1280766,2860537
2005,7,31238,0,31238,7195,10892,18087,456611,244156,700767,1461842,1494110,2955952,1956886,1749158,3706044
2005,8,31848,0,31848,8655,19140,27795,580571,315195,895766,1706870,1790951,3497821,2328944,2125286,4454230
2005,9,32859,0,32859,7387,21927,29314,437060,227749,664809,1398023,1296575,2694598,1875329,1546251,3421580
2005,10,33866,0,33866,11288,22938,34226,386732,219822,606554,1511122,1488674,2999796,1943008,1731434,3674442
2005,11,35579,0,35579,10970,31409,42379,389302,259804,649106,1402089,1504833,2906922,1837940,1796046,3633986
2005,12,35484,0,35484,9150,23034,32184,376257,258213,634470,1289755,1426126,2715881,1710646,1707373,3418019
2005,13,411299,0,411299,112005,278892,390897,4839311,2896656,7735967,16361307,17180283,33541590,21723922,20355831,42079753
2006,1,33816,0,33816,9376,25896,35272,396454,286097,682551,1505639,1505125,3010764,1945285,1817118,3762403
2006,2,43193,0,43193,9580,26399,35979,411660,275604,687264,1349954,1458277,2808231,1814387,1760280,3574667
2006,3,43839,0,43839,9244,27921,37165,463119,290651,753770,1506477,1528673,3035150,2022679,1847245,3869924
2006,4,37211,0,37211,9572,22382,31954,407044,241047,648091,1485193,1381352,2867265,1939740,1644781,3583801
2006,5,34564,0,34564,8669,16896,25565,387839,168650,556489,1275838,1097073,2372911,1706910,1282619,2989529
2006,6,35179,0,35179,8754,16178,24932,398023,199329,597352,1349471,1179094,2528565,1791427,1394601,3186028
2006,7,36392,0,36392,9852,13909,23761,494068,282440,776508,1615756,1575652,3191408,2156068,1872001,4028069
2006,8,32936,0,32936,7337,18004,25341,543974,320525,864499,1778712,1846237,3624949,2362959,2184766,4547725
2006,9,38098,0,38098,8933,18980,27913,449218,229525,678743,1434556,1307909,2742465,1930805,1556414,3487219
2006,10,40563,0,40563,8944,23030,31974,400816,214913,615729,1528328,1472029,3000357,1978651,1709972,3688623
2006,11,45792,0,45792,10278,30619,40897,413551,253052,666603,1411218,1421431,2832649,1880839,1705102,3585941
2006,12,45766,0,45766,8563,23450,32013,396059,276058,672117,1414867,1419873,2834740,1865255,1719381,3584636
2006,13,467349,0,467349,109102,263664,372766,5161825,3037891,8199716,17656009,17192725,34848734,23394285,20494280,43888565
2007,1,38851,0,38851,8425,25429,33854,423561,286176,709737,1502469,1458712,2961181,1973306,1770317,3743623
2007,2,40231,0,40231,10287,28533,38820,417816,263577,681393,1359098,1419242,2778340,1827432,1711352,3538784
2007,3,49531,0,49531,10050,31380,41430,460212,286611,746823,1507773,1518391,3026164,2027566,1836382,3863948
2007,4,44433,0,44433,8885,20461,29346,406505,213793,620298,1364102,1243098,2607200,1823925,1477352,3301277
2007,5,43900,0,43900,8250,15622,23872,304841,172460,477301,1162777,1001690,2164467,1519768,1189772,2709540
2007,6,42274,0,42274,8456,10954,19410,359199,209506,568705,1249511,1051533,2301044,1659440,1271993,2931433
2007,7,41948,0,41948,8439,7272,15711,438202,277857,716059,1530077,1378945,2909022,2018666,1664074,3682740
2007,8,27092,0,27092,7263,17235,24498,529425,318479,847904,1716583,1614287,3330870,2280363,1950001,4230364
2007,9,36895,0,36895,7988,18338,26326,396349,212512,608861,1397041,1150450,2547491,1838273,1381300,3219573
2007,10,43633,0,43633,7835,21837,29672,353088,216307,569395,1472520,1330555,2803075,1877076,1568699,3445775
2007,11,43269,0,43269,7038,28293,35331,412586,253095,665681,1474517,1430501,2905018,1937410,1711889,3649299
2007,12,41680,0,41680,7856,18631,26487,404083,289569,693652,1415388,1445539,2860927,1869007,1753739,3622746
2007,13,493737,0,493737,100772,243985,344757,4905867,2999942,7905809,17151856,16042943,33194799,22652232,19286870,41939102
2008,1,43024,0,43024,7725,20085,27810,417612,292302,709914,1534526,1484528,3019054,2002887,1796915,3799802
2008,2,48549,0,48549,6660,25052,31712,430727,271596,702323,1461747,1504075,2965822,1947683,1800723,3748406
2008,3,48080,0,48080,9908,23090,32998,454238,286644,740882,1593648,1567646,3161294,2105874,1877380,3983254
2008,4,42222,0,42222,6702,15466,22168,446888,233964,680852,1428017,1203931,2631948,1923829,1453361,3377190
2008,5,47422,0,47422,6936,8563,15499,354781,214355,569136,1314657,1022113,2336770,1723796,1245031,2968827
2008,6,39136,0,39136,4745,6457,11202,356135,205258,561393,1344539,1131089,2475628,1744555,1342804,3087359
2008,7,42255,0,42255,8177,3331,11508,404491,255991,660482,1655960,1431909,3087869,2110883,1691231,3802114
2008,8,31889,0,31889,7468,10402,17870,505109,320083,825192,1694975,1586662,3281637,2239441,1917147,4156588
2008,9,34143,0,34143,11958,11675,23633,360796,194933,555729,1372246,1101578,2473824,1779143,1308186,3087329
2008,10,43114,0,43114,11705,12613,24318,333707,198840,532547,1442873,1248375,2691248,1831399,1459828,3291227
2008,11,42442,0,42442,12070,25961,38031,377150,232767,609917,1380250,1331372,2711622,1811912,1590100,3402012
2008,12,38168,0,38168,10629,13537,24166,390412,251109,641521,1348788,1305326,2654114,1787997,1569972,3357969
2008,13,500444,0,500444,104683,176232,280915,4832046,2957842,7789888,17572226,15918604,33490830,23009399,19052678,42062077
2009,1,32979,0,32979,7275,15846,23121,398582,257275,655857,1393741,1314841,2708582,1832577,1587962,3420539
2009,2,39273,0,39273,7018,16698,23716,358041,232866,590907,1250254,1242733,2492987,1654586,1492297,3146883
2009,3,36664,0,36664,8896,16021,24917,378366,230571,608937,1303981,1310972,2614953,1727907,1557564,3285471
2009,4,29837,0,29837,7132,13791,20923,338449,165146,503595,1273150,1090938,2364088,1648568,1269875,2918443
2009,5,30141,0,30141,6324,12542,18866,278712,145623,424335,1104723,845043,1949766,1419900,1003208,2423108
2009,6,28102,0,28102,6159,4614,10773,280718,164190,444908,1172717,912108,2084825,1487696,1080912,2568608
2009,7,27260,0,27260,7561,4727,12288,317906,174001,491907,1441101,1206577,2647678,1793828,1385305,3179133
2009,8,21384,0,21384,6624,9800,16424,407201,201943,609144,1518174,1404758,2922932,1953383,1616501,3569884
2009,9,25861,0,25861,7871,10888,18759,287064,133101,420165,1243056,1009,2252645,1563852,1153578,2717430
2009,10,28970,0,28970,8009,12726,20735,267528,142173,409701,1320356,1097697,2418053,1624863,1252596,2877459
2009,11,27704,0,27704,7145,12731,19876,348628,181952,530580,1285629,1133883,2419512,1669106,1328566,2997672
2009,12,36076,0,36076,7869,11822,19691,355605,197290,552895,1250566,1160848,2411414,1650116,1369960,3020076
2009,13,364251,0,364251,87883,142206,230089,4016800,2226131,6242931,15557448,12721407,29287435,20026382,16098324,36124706
2010,1,28645,0,28645,7854,10058,17912,398792,202612,601404,1353115,1226561,2579676,1788406,1439231,3227637
2010,2,34616,0,34616,7565,12714,20279,378359,192962,571321,1257924,1165508,2423432,1678464,1371184,3049648
2010,3,28465,0,28465,7617,13580,21197,354693,181354,536047,1354361,1238139,2592500,1745136,1433073,3178209
2010,4,27550,0,27550,7140,11766,18906,281473,131524,412997,1260631,984562,2245193,1576794,1127852,2704646
2010,5,25316,0,25316,7296,7702,14998,284603,117043,401646,1174536,842106,2016642,1491751,966851,2458602
2010,6,26127,0,26127,7245,5006,12251,305623,139649,445272,1225167,952455,2177622,1564162,1097110,2661272
2010,7,22934,0,22934,6512,5168,11680,276685,126771,403456,1546317,1269065,2815382,1852448,1401004,3253452
2010,8,22619,0,22619,4504,9520,14024,336476,148947,485423,1655712,1425959,3081671,2019311,1584426,3603737
2010,9,22588,0,22588,6518,7442,13960,265333,108156,373489,1328723,1031829,2360552,1623162,1147427,2770589
2010,10,27998,0,27998,8410,10829,19239,258523,119444,377967,1478716,1157239,2635955,1773647,1287512,3061159
2010,11,30419,0,30419,8561,11445,20006,323933,178427,502360,1402267,1265791,2668058,1765180,1455663,3220843
2010,12,28572,0,28572,8119,9283,17402,320934,183730,504664,1308369,1180591,2488960,1665994,1373604,3039598
2010,13,325849,0,325849,87341,114513,201854,3785427,1830619,5616046,16345838,13739805,30085643,20544455,15684937,36229392
2011,1,28765,0,28765,4162,11541,15703,392802,180684,573486,1534404,1263574,2797978,1960133,1455799,3415932
2011,2,31753,0,31753,5488,12185,17673,414969,184085,599054,1573698,1355404,2929102,2025908,1551674,3577582
2011,3,34318,0,34318,4662,14382,19044,421503,189247,610750,1622217,1370736,2992953,2082700,1574365,3657065
2011,4,26724,0,26724,5306,27259,32565,347660,139740,487400,1608328,1232540,2840868,1988018,1399539,3387557
2011,5,26636,0,26636,5177,6318,11495,287742,91390,379132,1314094,889851,2203945,1633649,987559,2621208
2011,6,25250,0,25250,4800,3754,8554,310743,100713,411456,1407351,1032918,2440269,1748144,1137385,2885529
2011,7,24013,0,24013,4003,4640,8643,322604,130077,452681,1722355,1347030,3069385,2072975,1481747,3554722
2011,8,18819,0,18819,1169,7200,8369,414017,148788,562805,1817267,1451577,3268844,2251272,1607565,3858837
2011,9,26763,0,26763,3246,7791,11037,347876,93510,441386,1580252,1130536,2710788,1958137,1231837,3189974
2011,10,27556,0,27556,3045,10366,13411,274502,117281,391783,1650927,1262945,2913872,1956030,1390592,3346622
2011,11,30132,0,30132,3438,12100,15538,383402,154050,537452,1601978,1273509,2875487,2018950,1439659,3458609
2011,12,28750,0,28750,2275,8669,10944,364921,168273,533194,1453269,1250693,2703962,1849215,1427635,3276850
2011,13,329479,0,329479,46771,126205,172976,4282741,1697838,5980579,18886140,14861313,33747453,23545131,16685356,40230487
2012,1,32842,0,32842,2973,8388,11361,436489,174344,610833,1699976,1251233,2951209,2172280,1433965,3606245
2012,2,41796,0,41796,6749,10444,17193,438415,171102,609517,1602902,1237345,2840247,2089862,1418891,3508753
2012,3,29552,0,29552,6568,10294,16862,419416,162475,581891,1527368,1200994,2728362,1982904,1373763,3356667
2012,4,29581,0,29581,5130,10891,16021,330976,112672,443648,1487606,997364,2484970,1853293,1120927,2974220
2012,5,31843,0,31843,4894,5484,10378,299739,82501,382240,1338194,800307,2138501,1674670,888292,2562962
2012,6,28267,0,28267,3880,4597,8477,309937,99267,409204,1447583,903312,2350895,1789667,1007176,2796843
2012,7,29004,0,29004,5727,1563,7290,307282,115943,423225,1730710,1209766,2940476,2072723,1327272,3399995
2012,8,26231,0,26231,3578,2048,5626,355860,132212,488072,1771043,1306276,3077319,2156712,1440536,3597248
2012,9,26480,0,26480,7110,2547,9657,325368,97834,423202,1496130,990901,2487031,1855088,1091282,2946370
2012,10,32572,0,32572,6968,2895,9863,306342,110779,417121,1639616,1096962,2736578,1985498,1210636,3196134
2012,11,34242,0,34242,7865,3818,11683,330796,130797,461593,1547431,1115423,2662854,1920334,1250038,3170372
2012,12,34700,0,34700,7777,2432,10209,357910,155354,513264,1496417,1108388,2604805,1896804,1266174,3162978
2012,13,389902,0,389902,70241,74282,144523,4349663,1600439,5950102,18657168,13245850,31903018,23466974,14920571,38387545
2013,1,35844,0,35844,12231,2641,14872,417290,168413,585703,1625655,1221651,2847306,2091020,1392705,3483725
2013,2,38948,0,38948,10935,3828,14763,405221,152178,557399,1423289,1123064,2546353,1878393,1279070,3157463
2013,3,34392,0,34392,10284,4368,14652,423862,153360,577222,1629891,1188589,2818480,2098429,1346317,3444746
2013,4,28936,0,28936,7770,2946,10716,303759,105669,409428,1445362,960835,2406197,1785827,1069450,2855277
2013,5,28167,0,28167,7884,1978,9862,285552,86519,372071,1399265,866729,2265994,1720868,955226,2676094
2013,6,25638,0,25638,6071,1242,7313,299137,100246,399383,1439496,905963,2345459,1770342,1007451,2777793
2013,7,30589,0,30589,5748,1474,7222,338120,133149,471269,1682226,1192214,2874440,2056683,1326837,3383520
2013,8,28954,0,28954,5713,2048,7761,390707,148068,538775,1819171,1282107,3101278,2244545,1432223,3676768
2013,9,27884,0,27884,7103,2507,9610,333399,104893,438292,1519775,1026224,2545999,1888161,1133624,3021785
2013,10,32795,0,32795,6927,3253,10180,328083,125168,453251,1700163,1104545,2804708,2067968,1232966,3300934
2013,11,47820,0,47820,9125,4731,13856,416888,169203,586091,1621423,1187210,2808633,2095256,1361144,3456400
2013,12,48999,0,48999,10198,4747,14945,410610,159625,570235,1575128,1201834,2776962,2044935,1366206,3411141
2013,13,408966,0,408966,99989,35763,135752,4352628,1606491,5959119,18880844,13260965,32141809,23742427,14903219,38645646
2014,1,52201,0,52201,8735,3383,12118,454480,170039,624519,1698196,1223104,2921300,2213612,1396526,3610138
2014,2,48919,0,48919,8437,5151,13588,416118,162187,578305,1588914,1088062,2676976,2062388,1255400,3317788
2014,3,47819,0,47819,10506,5069,15575,410686,169016,579702,1681063,1154134,2835197,2150074,1328219,3478293
2014,4,33449,0,33449,8598,4701,13299,340606,121700,462306,1600433,1040899,2641332,1983086,1167300,3150386
2014,5,36153,0,36153,7323,2044,9367,279101,93442,372543,1489043,859248,2348291,1811620,954734,2766354
2014,6,29541,0,29541,6648,1383,8031,305638,108505,414143,1543043,950636,2493679,1884870,1060524,2945394
2014,7,35006,0,35006,4958,1307,6265,347949,154077,502026,1725732,1165101,2890833,2113645,1320485,3434130
2014,8,36820,0,36820,5695,2402,8097,414780,167622,582402,1857354,1320525,3177879,2314649,1490549,3805198
2014,9,35155,0,35155,6640,2262,8902,352650,131946,484596,1556895,1021725,2578620,1951340,1155933,3107273
2014,10,40539,0,40539,8390,3727,12117,326299,145475,471774,1758232,1136826,2895058,2133460,1286028,3419488
2014,11,46373,0,46373,8113,3223,11336,380836,135490,516326,1577609,1111141,2688750,2012931,1249854,3262785
2014,12,47469,0,47469,8555,3061,11616,368395,160215,528610,1569893,1110791,2680684,1994312,1274067,3268379
2014,13,"489,444",0,"489,444","92,598","37,713","130,311","4,397,538","1,719,714","6,117,252","19,646,407","13,182,192","32,828,599","24,625,987","14,939,619","39,565,606"
2015,1,45279,0,45279,8478,2072,10550,416778,171181,587959,1665421,1185567,2850988,2135956,1358820,3494776
2015,2,46699,0,46699,7800,4696,12496,392040,157488,549528,1526038,1110445,2636483,1972577,1272629,3245206
2015,3,45795,0,45795,9530,4417,13947,397294,143758,541052,1619714,1161327,2781041,2072333,1309502,3381835
2015,4,37566,0,37566,8215,4621,12836,329449,99982,429431,1533002,1019519,2552521,1908232,1124122,3032354
2015,5,35470,0,35470,8736,2274,11010,305245,105846,411091,1460878,885741,2346619,1810329,993861,2804190
2015,6,34160,0,34160,7653,1524,9177,313124,111920,425044,1435462,936584,2372046,1790399,1050028,2840427
2015,7,36767,0,36767,8798,2429,11227,350298,130745,481043,1782150,1099445,2881595,2178013,1232619,3410632
2015,8,43035,0,43035,6231,4298,10529,415190,158504,573694,1994052,1263795,3257847,2458508,1426597,3885105
2015,9,43775,0,43775,7265,3205,10470,362469,129066,491535,1640070,971346,2611416,2053579,1103617,3157196
2015,10,44264,0,44264,8604,4950,13554,328975,132415,461390,1817594,1075323,2892917,2199437,1212688,3412125
2015,11,50172,0,50172,9440,4460,13900,379075,137935,517010,1676667,1031921,2708588,2115354,1174316,3289670
2015,12,51364,0,51364,7741,2905,10646,377853,154078,531931,1663959,1065371,2729330,2100917,1222354,3323271
2015,13,514346,0,514346,98491,41851,140342,4367790,1632918,6000708,19815007,12806384,32621391,24795634,14481153,39276787
2016,1,52620,569,53189,8496,4948,13444,432643,173090,605733,1763811,1090429,2854240,2257570,1269036,3526606
2016,2,53898,685,54583,9252,4791,14043,426875,167636,594511,1746537,1069962,2816499,2236562,1243074,3479636
2016,3,56253,1056,57309,9836,5803,15639,446030,172081,618111,1838798,1116987,2955785,2350917,1295927,3646844
2016,4,41277,742,42019,7907,4714,12621,394883,134959,529842,1706449,993124,2699573,2150516,1133539,3284055
2016,5,40465,231,40696,7617,2515,10132,387144,136460,523604,1662768,926113,2588881,2097994,1065319,3163313
2016,6,36446,0,36446,5396,2079,7475,381715,139152,520867,1713617,990284,2703901,2137174,1131515,3268689
2016,7,42649,6244,48893,7135,2845,9980,430677,196354,627031,2000196,1208566,3208762,2480657,1414009,3894666
2016,8,48755,0,48755,6878,5818,12696,500258,209130,709388,2117401,1257877,3375278,2673292,1472825,4146117
2016,9,41318,0,41318,8398,4573,12971,429590,176831,606421,1751698,1000324,2752022,2231004,1181728,3412732
2016,10,45377,0,45377,8513,5831,14344,415965,180416,596381,1871667,1092769,2964436,2341522,1279016,3620538
2016,11,50524,0,50524,9565,6451,16016,426765,179516,606281,1699528,1018657,2718185,2186382,1204624,3391006
2016,12,47641,0,47641,9939,5127,15066,404158,180542,584700,1681497,1042178,2723675,2143235,1227847,3371082
2016,13,557223,9527,566750,98932,55495,154427,5076703,2046167,7122870,21553967,12807270,34361237,27286825,14918459,42205284
2017,1,54296,0,54296,10983,5825,16808,455415,191967,647382,1770617,1079334,2849951,2291311,1277126,3568437
2017,2,51734,0,51734,10538,6322,16860,426003,162550,588553,1644196,1016130,2660326,2132471,1185002,3317473
2017,3,55004,0,55004,10558,7840,18398,452636,167685,620321,1739160,1064324,2803484,2257358,1239849,3497207
2017,4,45800,0,45800,9033,7984,17017,425449,158124,583573,1732092,1065012,2797104,2212374,1231120,3443494
2017,5,39059,0,39059,8550,3839,12389,403536,143467,547003,1622523,965827,2588350,2073668,1113133,3186801
2017,6,36332,0,36332,7721,2147,9868,433050,167034,600084,1701790,1027983,2729773,2178893,1197164,3376057
2017,7,43231,0,43231,10213,4180,14393,499637,206869,706506,1892898,1215829,3108727,2445979,1426878,3872857
2017,8,46999,0,46999,9938,7457,17395,530050,219546,749596,1993690,1285562,3279252,2580677,1512565,4093242
2017,9,44841,0,44841,11617,10670,22287,476800,186006,662806,1688599,1042707,2731306,2221857,1239383,3461240
2017,10,50608,0,50608,13762,7170,20932,458581,186884,645465,1778781,1046179,2824960,2301732,1240233,3541965
2017,11,49590,0,49590,13627,7590,21217,453682,176210,629892,1661252,1034954,2696206,2178151,1218754,3396905
2017,12,50285,0,50285,12569,6244,18813,422102,178443,600545,1561431,1045933,2607364,2046387,1230620,3277007
2017,13,567779,,567779,129109,77268,206377,5436941,2144785,7581726,20787029,12889774,33676803,26920858,15111827,42032685
2018,1,52029,0,52029,12496,8756,21252,464123,206268,670391,1686887,1095998,2782885,2215535,1311022,3526557
2018,2,47467,0,47467,13321,9050,22371,411847,190754,602601,1574367,1014994,2589361,2047002,1214798,3261800
2018,3,49977,0,49977,14937,8730,23667,448141,207488,655629,1693007,1107804,2800811,2206062,1324022,3530084
2018,4,39802,0,39802,11663,8859,20522,420720,174215,594935,1606421,965471,2571892,2078606,1148545,3227151
2018,5,37672,0,37672,10907,3806,14713,426074,167665,593739,1555333,912131,2467464,2029986,1083602,3113588
2018,6,35964,0,35964,9800,3552,13352,452757,186051,638808,1606251,995079,2601330,2104772,1184682,3289454
2018,7,39655,0,39655,11288,7833,19121,493488,245461,738949,1842265,1242391,3084656,2386696,1495685,3882381
2018,8,40948,0,40948,11202,8632,19834,517427,260097,777524,1957811,1357827,3315638,2527388,1626556,4153944
2018,9,42671,0,42671,10751,8711,19462,474601,202047,676648,1656506,1046085,2702591,2184529,1256843,3441372
2018,10,45193,0,45193,11683,11717,23400,453529,196377,649906,1809119,1155846,2964965,2319524,1363940,3683464
2018,11,51822,0,51822,13192,11188,24380,470385,192389,662774,1595989,1099179,2695168,2131388,1302756,3434144
